0.013436 -0.000042
0.105053 -0.000016
0.203155 -0.000010
0.309018 -0.000028
0.399824 0.000001
0.472214 0.000086
0.521207 0.000244
0.551553 0.000460
0.570085 0.000712
0.584447 0.000977
0.595682 0.001252
0.606569 0.001528
0.615603 0.001809
0.621742 0.002100
0.628344 0.002389
0.632514 0.002686
0.639811 0.002973
0.643633 0.003270
0.647339 0.003569
0.650930 0.003867
0.654752 0.004165
0.657995 0.004464
0.661354 0.004764
0.662859 0.005069
0.665871 0.005369
0.669693 0.005667
0.673052 0.005966
0.673284 0.006275
0.676990 0.006573
0.677801 0.006880
0.679422 0.007184
0.681160 0.007489
0.684055 0.007789
0.684403 0.008098
0.687414 0.008398
0.687993 0.008706
0.691120 0.009006
0.691815 0.009313
0.692394 0.009621
0.694479 0.009924
0.695522 0.010231
0.696101 0.010538
0.698996 0.010839
0.699228 0.011148
0.700155 0.011455
0.702587 0.011757
0.702934 0.012065
0.704556 0.012370
0.703745 0.012682
0.706525 0.012983
0.706757 0.013292
