0.011236 -0.000035
0.100999 -0.000003
0.024092 0.000545
0.061387 0.000739
0.019228 0.001179
0.450439 0.000153
0.508582 0.000283
0.536612 0.000506
0.350020 0.001393
0.493525 0.001258
0.562093 0.001356
0.532210 0.001758
0.449860 0.002322
0.580509 0.002228
0.587342 0.002516
0.621395 0.002720
0.612592 0.003057
0.628691 0.003317
0.630313 0.003621
0.640390 0.003900
0.640969 0.004208
0.643633 0.004509
0.654752 0.004784
0.658574 0.005082
0.651161 0.005414
0.662744 0.005688
0.662280 0.005999
0.669577 0.006286
0.671546 0.006590
0.673052 0.006895
0.673284 0.007203
0.678264 0.007498
0.677106 0.007811
0.680001 0.008111
0.681275 0.008417
0.683823 0.008719
0.684287 0.009027
0.688109 0.009325
0.687877 0.009635
0.689151 0.009941
0.691815 0.010242
0.691815 0.010552
0.695058 0.010851
0.695522 0.011159
0.695985 0.011468
0.699228 0.011767
0.699228 0.012077
0.700734 0.012382
0.699344 0.012696
0.702934 0.012994
0.703513 0.013302
