0.009962 -0.000031
0.098335 0.000005
0.201186 -0.000004
0.308671 -0.000027
0.398202 0.000006
0.469897 0.000093
0.508698 0.000283
0.532789 0.000518
0.561861 0.000737
0.558502 0.001057
0.564873 0.001347
0.576687 0.001620
0.594639 0.001874
0.599156 0.002170
0.606222 0.002458
0.623595 0.002713
0.617688 0.003041
0.629618 0.003314
0.635988 0.003604
0.636683 0.003911
0.646412 0.004191
0.643169 0.004510
0.647802 0.004806
0.653941 0.005096
0.658574 0.005391
0.661122 0.005693
0.662164 0.005999
0.665639 0.006298
0.667608 0.006602
0.669577 0.006905
0.672936 0.007205
0.675137 0.007507
0.677106 0.007811
0.680349 0.008110
0.683013 0.008412
0.684403 0.008717
0.684403 0.009027
0.687761 0.009326
0.688109 0.009634
0.687993 0.009944
0.689962 0.010248
0.692279 0.010550
0.692742 0.010858
0.695869 0.011158
0.695637 0.011469
0.697375 0.011773
0.699228 0.012077
0.699344 0.012386
0.702008 0.012687
0.702587 0.012995
0.703398 0.013302
