0.014479 -0.000045
0.107138 -0.000022
0.205240 -0.000016
0.304964 -0.000015
0.286085 0.000353
0.319790 0.000558
0.329403 0.000838
0.351178 0.001080
0.369247 0.001334
0.385809 0.001592
0.405384 0.001841
0.543329 0.001723
0.556997 0.001991
0.573212 0.002250
0.584215 0.002526
0.591744 0.002812
0.599504 0.003098
0.605179 0.003390
0.609696 0.003685
0.615719 0.003976
0.619194 0.004275
0.621047 0.004579
0.625912 0.004873
0.628460 0.005175
0.628923 0.005483
0.632629 0.005781
0.635757 0.006081
0.637031 0.006387
0.640737 0.006685
0.643517 0.006986
0.644443 0.007293
0.647687 0.007592
0.651740 0.007889
0.654173 0.008191
0.656257 0.008495
0.659037 0.008796
0.659732 0.009103
0.659848 0.009412
0.659501 0.009723
0.661933 0.010025
0.662164 0.010334
0.662280 0.010643
0.667608 0.010936
0.667377 0.011247
0.668187 0.011554
0.669230 0.011860
0.669461 0.012169
0.669809 0.012477
0.671894 0.012781
0.673168 0.013086
0.672473 0.013398
