0.013552 -0.000042
0.106095 -0.000019
0.196322 0.000011
0.307165 -0.000022
0.392411 0.000023
0.454493 0.000141
0.491672 0.000335
0.515300 0.000572
0.532674 0.000828
0.547152 0.001092
0.558271 0.001368
0.567884 0.001647
0.576339 0.001931
0.581551 0.002224
0.587922 0.002514
0.592091 0.002811
0.597419 0.003104
0.602747 0.003397
0.606453 0.003695
0.610044 0.003994
0.611665 0.004298
0.614329 0.004600
0.620700 0.004889
0.621279 0.005197
0.624406 0.005497
0.625680 0.005803
0.628576 0.006103
0.629386 0.006411
0.632398 0.006711
0.633788 0.007016
0.636220 0.007318
0.638305 0.007621
0.640042 0.007926
0.640158 0.008235
0.643054 0.008535
0.643980 0.008842
0.646992 0.009142
0.648034 0.009449
0.647918 0.009759
0.650930 0.010059
0.651740 0.010366
0.653014 0.010672
0.654752 0.010976
0.654752 0.011286
0.657647 0.011586
0.658458 0.011893
0.658574 0.012203
0.659616 0.012509
0.662049 0.012811
0.662164 0.013120
0.662164 0.013430
