0.015984 -0.000049
0.109570 -0.000030
0.206514 -0.000020
0.306933 -0.000021
0.392295 0.000024
0.449744 0.000156
0.485997 0.000353
0.509741 0.000589
0.526882 0.000846
0.539160 0.001117
0.548773 0.001397
0.558271 0.001677
0.564873 0.001966
0.572054 0.002254
0.576918 0.002548
0.580625 0.002846
0.584331 0.003144
0.588848 0.003440
0.592091 0.003740
0.596029 0.004037
0.599272 0.004337
0.602979 0.004635
0.606106 0.004935
0.609696 0.005233
0.610623 0.005540
0.613634 0.005840
0.614677 0.006147
0.617804 0.006446
0.620815 0.006747
0.621510 0.007054
0.622205 0.007362
0.623016 0.007669
0.626259 0.007968
0.626722 0.008276
0.628576 0.008580
0.630197 0.008885
0.632514 0.009187
0.633209 0.009495
0.634714 0.009800
0.634714 0.010109
0.636567 0.010413
0.639811 0.010713
0.639926 0.011022
0.640853 0.011329
0.643169 0.011631
0.643517 0.011940
0.643749 0.012248
0.644907 0.012554
0.646992 0.012858
0.647223 0.013166
0.647571 0.013475
