0.014826 -0.000046
0.106095 -0.000019
0.206746 -0.000021
0.302648 -0.000008
0.383956 0.000050
0.434108 0.000204
0.468276 0.000408
0.491209 0.000646
0.508003 0.000904
0.521323 0.001172
0.532326 0.001448
0.540550 0.001732
0.549121 0.002015
0.555143 0.002306
0.562093 0.002594
0.567305 0.002888
0.573212 0.003179
0.576802 0.003477
0.580625 0.003775
0.582246 0.004080
0.584794 0.004381
0.590006 0.004675
0.591860 0.004979
0.595450 0.005277
0.599156 0.005575
0.599156 0.005885
0.602863 0.006183
0.605874 0.006483
0.606685 0.006790
0.610044 0.007090
0.612708 0.007391
0.613982 0.007697
0.615488 0.008002
0.617920 0.008304
0.618731 0.008611
0.621279 0.008912
0.624638 0.009212
0.625217 0.009519
0.626607 0.009825
0.628460 0.010129
0.629039 0.010436
0.631819 0.010737
0.632514 0.011045
0.633672 0.011351
0.634019 0.011659
0.636104 0.011963
0.636220 0.012272
0.636104 0.012582
0.639347 0.012881
0.639926 0.013189
0.640969 0.013495
