0.013552 -0.000042
0.101462 -0.000005
0.208599 -0.000027
0.303343 -0.000010
0.378165 0.000068
0.426348 0.000228
0.459010 0.000437
0.481480 0.000677
0.499085 0.000932
0.513563 0.001196
0.524798 0.001471
0.534874 0.001750
0.542866 0.002034
0.550742 0.002320
0.558271 0.002606
0.562209 0.002903
0.568116 0.003195
0.572285 0.003491
0.576802 0.003787
0.580509 0.004085
0.584099 0.004384
0.578077 0.004712
0.578540 0.005020
0.582594 0.005317
0.588964 0.005607
0.591744 0.005908
0.593944 0.006211
0.596956 0.006511
0.599156 0.006814
0.600546 0.007119
0.602979 0.007421
0.606569 0.007720
0.610275 0.008018
0.611202 0.008324
0.613866 0.008626
0.616182 0.008928
0.618383 0.009231
0.620236 0.009535
0.621047 0.009842
0.624290 0.010142
0.623479 0.010454
0.625101 0.010758
0.625564 0.011066
0.628460 0.011367
0.629502 0.011673
0.632166 0.011975
0.632745 0.012283
0.632745 0.012592
0.634598 0.012896
0.636220 0.013201
0.636220 0.013510
