0.014710 -0.000046
0.103547 -0.000011
0.204661 -0.000014
0.303806 -0.000012
0.374806 0.000078
0.422873 0.000239
0.453798 0.000453
0.477310 0.000689
0.493989 0.000947
0.507424 0.001215
0.520165 0.001486
0.528620 0.001769
0.537191 0.002052
0.543561 0.002342
0.550858 0.002629
0.554912 0.002926
0.561514 0.003215
0.565799 0.003511
0.569506 0.003810
0.573212 0.004108
0.575644 0.004410
0.580393 0.004705
0.583404 0.005005
0.585837 0.005307
0.588269 0.005609
0.591744 0.005908
0.594871 0.006208
0.595566 0.006515
0.599156 0.006814
0.599851 0.007121
0.602979 0.007421
0.603789 0.007728
0.606453 0.008030
0.608654 0.008332
0.611781 0.008632
0.613403 0.008937
0.614329 0.009244
0.616762 0.009546
0.617688 0.009852
0.619310 0.010157
0.621395 0.010460
0.621742 0.010769
0.624753 0.011069
0.625101 0.011377
0.626722 0.011682
0.628112 0.011987
0.628576 0.012295
0.630776 0.012598
0.631819 0.012905
0.632629 0.013212
0.633093 0.013520
