0.013552 -0.000042
0.106211 -0.000019
0.211842 -0.000037
0.300331 -0.000001
0.401214 -0.000004
0.483564 0.000051
0.534990 0.000201
0.566031 0.000415
0.586763 0.000660
0.602747 0.000920
0.614098 0.001195
0.625217 0.001470
0.633788 0.001753
0.642706 0.002035
0.648497 0.002327
0.654752 0.002617
0.659037 0.002913
0.665871 0.003202
0.669925 0.003499
0.673863 0.003796
0.679191 0.004089
0.680696 0.004394
0.687414 0.004683
0.689151 0.004987
0.692047 0.005288
0.695522 0.005587
0.698996 0.005885
0.701660 0.006187
0.702934 0.006492
0.705830 0.006793
0.707567 0.007097
0.710347 0.007398
0.713359 0.007699
0.714169 0.008006
0.717412 0.008305
0.717876 0.008613
0.720771 0.008914
0.722393 0.009219
0.723551 0.009525
0.725636 0.009828
0.728647 0.010128
0.730616 0.010432
0.731195 0.010739
0.732701 0.011044
0.734670 0.011348
0.736292 0.011652
0.738840 0.011954
0.739766 0.012261
0.740114 0.012569
0.742430 0.012872
0.743704 0.013177
