0.013552 -0.000042
0.101926 -0.000006
0.206399 -0.000020
0.301142 -0.000004
0.400056 -0.000000
0.481595 0.000057
0.533600 0.000206
0.567305 0.000411
0.587227 0.000659
0.602168 0.000922
0.615256 0.001191
0.625333 0.001470
0.634367 0.001751
0.640969 0.002040
0.647455 0.002330
0.654404 0.002618
0.659037 0.002913
0.665755 0.003202
0.669693 0.003499
0.673052 0.003799
0.677106 0.004096
0.681044 0.004393
0.684403 0.004692
0.688109 0.004990
0.691584 0.005289
0.694016 0.005591
0.696680 0.005893
0.699228 0.006194
0.701892 0.006496
0.705482 0.006794
0.706988 0.007099
0.710231 0.007399
0.712084 0.007703
0.714053 0.008006
0.716949 0.008307
0.717760 0.008614
0.721235 0.008913
0.721582 0.009221
0.723898 0.009524
0.725404 0.009828
0.726678 0.010134
0.729574 0.010435
0.731427 0.010739
0.732585 0.011045
0.733396 0.011352
0.736292 0.011652
0.736292 0.011962
0.737681 0.012267
0.739998 0.012570
0.741504 0.012875
0.743704 0.013177
