0.013089 -0.000041
0.104937 -0.000015
0.204314 -0.000013
0.305196 -0.000016
0.400287 -0.000001
0.482870 0.000053
0.535569 0.000199
0.566494 0.000413
0.585721 0.000663
0.602863 0.000920
0.616298 0.001188
0.627765 0.001462
0.635757 0.001747
0.642243 0.002036
0.649076 0.002325
0.654752 0.002617
0.659616 0.002911
0.665755 0.003202
0.670851 0.003496
0.673515 0.003797
0.677222 0.004095
0.683708 0.004385
0.685561 0.004689
0.688109 0.004990
0.693321 0.005284
0.695522 0.005587
0.698649 0.005887
0.700850 0.006189
0.703050 0.006492
0.705251 0.006795
0.707104 0.007099
0.709768 0.007400
0.710695 0.007707
0.714285 0.008005
0.717528 0.008305
0.718686 0.008611
0.721235 0.008913
0.724593 0.009212
0.724362 0.009522
0.726331 0.009826
0.728763 0.010128
0.729921 0.010434
0.732469 0.010735
0.732701 0.011044
0.734554 0.011348
0.736060 0.011653
0.736639 0.011961
0.739650 0.012261
0.739998 0.012570
0.742894 0.012870
0.743704 0.013177
